#raw
200.289212740385  83.6651141826923 0
241.980919471154  83.6651141826923 0
201.979417067308  110.708383413461 0
241.417518028846  110.144981971153 0
102.820763221153  150.146484375000 0
102.257361778846  176.062950721154 0
143.949068509615  176.062950721154 0
143.385667067308  150.146484375000 0
200.852614182692  149.583082932692 0
241.980919471154  149.583082932692 0
241.980919471154  176.062950721154 0
200.852614182692  177.189753605769 0
358.605018028846  162.541316105769 0
398.606520432692  163.104717548077 0
359.168419471154  204.233022836539 0
398.606520432692  202.542818509615 0
102.257361778846  217.191256009615 0
144.512469951923  216.064453125000 0
103.384164663461  242.544320913462 0
143.949068509615  242.544320913462 0
201.979417067308  241.980919471154 0
201.979417067308  217.191256009615 0
241.980919471154  217.191256009615 0
243.107722355769  241.980919471154 0
457.200270432692  122.539813701923 0
457.200270432692  98.3135516826923 0
497.201772836539  97.7501502403846 0
555.232121394231  97.1867487980769 0
595.797025240385  96.6233473557693 0
595.233623798077  123.666616586538 0
554.668719951923  123.666616586538 0
456.636868990385  163.668118990385 0
497.765174278846  163.668118990385 0
555.232121394231  163.104717548077 0
595.797025240385  163.104717548077 0
359.168419471154  229.022686298077 0
398.606520432692  229.586087740385 0
456.636868990385  203.669621394231 0
497.765174278846  203.106219951923 0
555.232121394231  203.669621394231 0
595.797025240385  203.106219951923 0
596.923828125000  229.586087740385 0
555.795522836539  229.586087740385 0
497.201772836539  229.586087740385 0
456.636868990385  229.586087740385 0
555.232121394231  269.587590144231 0
595.233623798077  269.587590144231 0
457.200270432692  269.587590144231 0
497.765174278846  269.024188701923 0
399.169921875000  269.587590144231 0
359.168419471154  270.150991586539 0
103.384164663461  283.672626201923 0
143.949068509615  283.109224759615 0
202.542818509615  283.672626201923 0
242.544320913462  283.672626201923 0
359.168419471154  296.630859375000 0
398.043118990385  297.194260817308 0
456.636868990385  296.630859375000 0
496.074969951923  296.630859375000 0
555.795522836539  296.067457932692 0
595.233623798077  296.630859375000 0
712.421123798077  217.191256009615 0
712.421123798077  243.107722355769 0
713.547926682692  283.109224759615 0
103.877140925480  350.365271935096 0
143.315241887019  349.661020132212 0
202.472393329327  349.661020132212 0
241.910494290865  350.365271935096 0
359.520545372596  336.984487680289 0
398.958646334135  336.984487680289 0
398.958646334135  363.746056189904 0
359.520545372596  363.041804387019 0
458.115797776442  336.280235877404 0
498.258150540865  336.280235877404 0
498.258150540865  363.746056189904 0
457.411545973558  362.337552584135 0
556.006798377404  337.688739483173 0
595.444899338942  336.280235877404 0
596.149151141827  363.746056189904 0
555.302546574519  363.746056189904 0
713.054950420673  350.365271935096 0
752.493051382212  349.661020132212 0
811.650202824519  349.661020132212 0
849.679800180289  349.661020132212 0
851.088303786058  310.222919170673 0
810.945951021635  309.518667367789 0
810.945951021635  284.165602463942 0
850.384051983173  282.757098858173 0
850.384051983173  217.965932992788 0
850.384051983173  244.023249699519 0
810.945951021635  242.614746093750 0
810.945951021635  217.261681189904 0
751.788799579327  217.261681189904 0
752.493051382212  244.023249699519 0
712.350698617789  309.518667367789 0
752.493051382212  310.222919170673 0
753.197303185096  284.165602463942 0
711.734478290265  376.334557166466 0
752.228956956130  375.454242412861 0
810.329730694111  375.454242412861 0
850.824209359976  375.454242412861 0
496.348089453630  124.491271775386 0
104.687511342991  309.623140015753 0
203.063794698882  309.623140015753 0
241.799456270264  309.623140015753 0
104.687511342991  375.412279510005 0
144.038024685348  376.027131280979 0
202.448942927907  376.027131280979 0
242.414308041238  376.027131280979 0
359.236144526358  403.695460974823 0
399.201509639688  403.080609203849 0
458.227279653223  403.080609203849 0
497.577792995579  403.080609203849 0
555.988711238139  403.080609203849 0
595.954076351469  402.465757432875 0
104.687511342991  416.376778751169 0
143.884311742604  416.376778751169 0
202.295229985164  416.376778751169 0
241.492030384776  415.608214037451 0
241.492030384776  442.507979017577 0
202.295229985164  442.507979017577 0
143.884311742604  443.276543731295 0
103.918946629273  442.507979017577 0
359.082431583614  429.442378884373 0
399.047796696945  430.979508311809 0
456.690150225787  429.442378884373 0
497.424080052835  429.442378884373 0
555.066433581677  430.210943598091 0
595.800363408726  430.210943598091 0
712.622199893846  415.608214037451 0
751.819000293458  416.376778751169 0
810.998483249736  415.608214037451 0
850.195283649348  415.608214037451 0
850.195283649348  443.276543731295 0
810.998483249736  444.045108445013 0
752.587565007176  443.276543731295 0
712.622199893846  442.507979017577 0
103.672757976912  482.086230371004 0
142.287132486780  482.086230371004 0
201.638856270464  482.086230371004 0
241.683392799216  482.086230371004 0
242.398473808657  509.974389739242 0
202.353937279906  509.259308729800 0
143.717294505664  509.974389739242 0
103.672757976912  509.259308729800 0
359.671759357143  468.499691191607 0
399.716295885894  469.214772201049 0
359.671759357143  496.387850559844 0
399.001214876452  497.102931569286 0
458.352938660136  469.214772201049 0
457.637857650694  495.672769550402 0
497.682394179445  469.929853210491 0
497.682394179445  496.387850559844 0
556.319036953688  469.929853210491 0
555.603955944246  495.672769550402 0
595.648492472997  469.929853210491 0
595.648492472997  496.387850559844 0
712.921778021482  482.086230371004 0
752.251233540791  482.801311380446 0
812.318038333917  483.516392389888 0
850.932412843785  482.801311380446 0
850.932412843785  509.974389739242 0
811.602957324475  509.974389739242 0
752.966314550233  509.974389739242 0
712.921778021482  509.974389739242 0
713.636859030924  549.303845258551 0
752.966314550233  550.018926267993 0
752.966314550233  576.476923617346 0
712.921778021482  575.761842607904 0
811.602957324475  548.588764249109 0
850.217331834343  548.588764249109 0
850.217331834343  576.476923617346 0
810.887876315034  576.476923617346 0
103.672757976912  549.303845258551 0
103.672757976912  575.761842607904 0
144.432375515106  576.476923617346 0
143.717294505664  550.018926267993 0
201.638856270464  549.303845258551 0
242.398473808657  549.303845258551 0
243.113554818099  576.476923617346 0
203.069018289348  575.761842607904 0
595.648492472997  642.264376486008 0
594.933411463555  655.135834655964 0
712.921778021482  642.264376486008 0
752.251233540791  642.264376486008 0
752.966314550233  668.722373835362 0
712.206697012040  669.437454844804 0
811.602957324475  642.264376486008 0
810.887876315034  668.007292825920 0
810.887876315034  695.180371184715 0
810.887876315034  721.638368534068 0
752.966314550233  721.638368534068 0
713.636859030924  721.638368534068 0
712.206697012040  695.895452194157 0
752.966314550233  695.180371184715 0
103.672757976912  800.297279572687 0
103.672757976912  828.185438940924 0
143.717294505664  828.185438940924 0
143.717294505664  802.442522601013 0
202.353937279906  801.012360582129 0
241.683392799216  801.012360582129 0
242.398473808657  828.185438940924 0
202.353937279906  828.185438940924 0
359.671759357143  748.096365883422 0
399.001214876452  748.096365883422 0
399.001214876452  775.269444242217 0
358.956678347701  774.554363232775 0
358.956678347701  814.598899761526 0
399.001214876452  815.313980770968 0
457.637857650694  814.598899761526 0
496.967313170003  814.598899761526 0
496.967313170003  748.096365883422 0
458.352938660136  748.096365883422 0
458.352938660136  774.554363232775 0
496.967313170003  775.984525251659 0
556.319036953688  748.096365883422 0
594.933411463555  748.811446892864 0
596.363573482439  775.269444242217 0
555.603955944246  774.554363232775 0
556.319036953688  814.598899761526 0
594.933411463555  815.313980770968 0
712.921778021482  828.185438940924 0
752.966314550233  828.185438940924 0
811.602957324475  828.900519950366 0
850.217331834343  828.185438940924 0
851.647493853227  788.855983421615 0
810.172795305592  788.855983421615 0
752.966314550233  788.140902412173 0
712.206697012040  788.140902412173 0
712.921778021482  761.682905062820 0
752.966314550233  760.967824053378 0
812.318038333917  761.682905062820 0
851.647493853226  761.682905062820 0
103.485345852271  868.331688978792 0
144.334071293616  867.650876888103 0
202.203099002189  868.331688978792 0
241.690200262156  868.331688978792 0
360.151504042057  841.099205351229 0
398.957793211336  841.780017441918 0
458.188445101286  841.099205351229 0
496.994734270564  841.780017441918 0
556.225386160515  841.099205351229 0
595.031675329793  841.780017441918 0
712.131354928316  855.396259255700 0
752.980080369662  854.715447165011 0
810.168295987545  854.034635074322 0
851.017021428890  854.715447165011 0
851.017021428890  894.883360515667 0
850.336209338201  921.435032052541 0
810.849108078234  921.435032052541 0
810.849108078234  894.883360515667 0
752.299268278972  921.435032052541 0
751.618456188283  894.202548424978 0
712.812167019005  894.202548424978 0
711.450542837627  922.115844143230 0
596.393299511171  922.115844143230 0
595.031675329793  881.947930792574 0
556.225386160515  881.267118701885 0
555.544574069826  921.435032052541 0
497.675546361253  881.267118701885 0
457.507633010597  880.586306611196 0
457.507633010597  920.754219961852 0
497.675546361253  921.435032052541 0
398.957793211336  921.435032052541 0
398.957793211336  881.267118701885 0
359.470691951368  881.267118701885 0
359.470691951368  921.435032052541 0
242.371012352845  894.883360515667 0
202.883911092878  894.883360515667 0
143.653259202927  895.564172606356 0
104.166157942960  894.883360515667 0
103.485345852271  921.435032052541 0
144.334071293617  922.115844143230 0
202.203099002189  920.754219961852 0
243.051824443534  921.435032052541 0
103.485345852271  960.241321221819 0
144.334071293617  960.241321221819 0
104.166157942960  988.154616940072 0
143.653259202927  988.154616940072 0
202.203099002189  960.922133312508 0
243.051824443534  961.602945403198 0
242.371012352845  987.473804849383 0
202.203099002189  987.473804849383 0
360.151504042058  961.602945403198 0
398.957793211336  960.922133312508 0
359.470691951368  987.473804849383 0
398.957793211336  988.154616940072 0
457.507633010597  960.922133312508 0
457.507633010597  987.473804849383 0
497.675546361253  962.283757493887 0
497.675546361253  988.154616940072 0
555.544574069826  960.922133312508 0
555.544574069826  987.473804849383 0
595.712487420482  961.602945403198 0
595.712487420482  987.473804849383 0
712.812167019005  962.283757493887 0
712.131354928316  986.792992758694 0
752.299268278972  987.473804849383 0
752.299268278972  962.283757493887 0
811.529920168923  961.602945403198 0
850.336209338201  961.602945403198 0
851.017021428890  987.473804849383 0
810.849108078234  988.154616940072 0
104.846970033649  1028.32253029073 0
143.653259202927  1026.96090610935 0
202.203099002189  1027.64171820004 0
241.690200262156  1028.32253029073 0
242.371012352845  1054.19338973691 0
202.203099002189  1054.19338973691 0
359.470691951368  1027.64171820004 0
398.276981120646  1027.64171820004 0
457.507633010597  1027.64171820004 0
496.994734270564  1027.64171820004 0
555.544574069826  1027.64171820004 0
595.031675329793  1026.96090610935 0
554.863761979137  1054.19338973691 0
595.031675329793  1053.51257764622 0
358.789879860679  1054.19338973691 0
398.957793211336  1054.19338973691 0
457.507633010597  1054.19338973691 0
497.675546361253  1054.87420182760 0
712.131354928316  1027.64171820004 0
712.812167019005  1053.51257764622 0
751.618456188283  1027.64171820004 0
752.299268278972  1054.19338973691 0
810.849108078234  1027.64171820004 0
810.849108078234  1053.51257764622 0
851.017021428890  1028.32253029073 0
851.017021428890  1053.51257764622 0
850.336209338201  1094.36130308757 0
851.017021428890  1120.91297462444 0
810.168295987545  1120.91297462444 0
809.487483896856  1093.68049099688 0
359.470691951368  1093.68049099688 0
398.276981120646  1094.36130308757 0
398.957793211336  1120.91297462444 0
359.470691951368  1120.91297462444 0
300.920852152107  1120.91297462444 0
300.240040061418  1094.36130308757 0
241.690200262156  1093.68049099688 0
202.883911092878  1094.36130308757 0
202.883911092878  1120.23216253376 0
241.690200262156  1121.59378671513 0
142.972447112238  1120.91297462444 0
143.653259202927  1094.36130308757 0
102.804533761582  1093.68049099688 0
104.166157942960  1120.91297462444 0
103.485345852271  1053.51257764622 0
144.334071293617  1054.87420182760 0
143.949068509615  310.109224759615 0