1 -2,00289212740385E+0002  8,36651141826923E+0001 0
2 -2,41980919471154E+0002  8,36651141826923E+0001 0
3 -2,01979417067308E+0002  1,10708383413461E+0002 0
4 -2,41417518028846E+0002  1,10144981971153E+0002 0
5 -1,02820763221153E+0002  1,50146484375000E+0002 0
6 -1,02257361778846E+0002  1,76062950721154E+0002 0
7 -1,43949068509615E+0002  1,76062950721154E+0002 0
8 -1,43385667067308E+0002  1,50146484375000E+0002 0
9 -2,00852614182692E+0002  1,49583082932692E+0002 0
10 -2,41980919471154E+0002  1,49583082932692E+0002 0
11 -2,41980919471154E+0002  1,76062950721154E+0002 0
12 -2,00852614182692E+0002  1,77189753605769E+0002 0
13 -3,58605018028846E+0002  1,62541316105769E+0002 0
14 -3,98606520432692E+0002  1,63104717548077E+0002 0
15 -3,59168419471154E+0002  2,04233022836539E+0002 0
16 -3,98606520432692E+0002  2,02542818509615E+0002 0
17 -1,02257361778846E+0002  2,17191256009615E+0002 0
18 -1,44512469951923E+0002  2,16064453125000E+0002 0
19 -1,03384164663461E+0002  2,42544320913462E+0002 0
20 -1,43949068509615E+0002  2,42544320913462E+0002 0
21 -2,01979417067308E+0002  2,41980919471154E+0002 0
22 -2,01979417067308E+0002  2,17191256009615E+0002 0
23 -2,41980919471154E+0002  2,17191256009615E+0002 0
24 -2,43107722355769E+0002  2,41980919471154E+0002 0
25 -4,57200270432692E+0002  1,22539813701923E+0002 0
26 -4,57200270432692E+0002  9,83135516826923E+0001 0
27 -4,97201772836539E+0002  9,77501502403846E+0001 0
28 -5,55232121394231E+0002  9,71867487980769E+0001 0
29 -5,95797025240385E+0002  9,66233473557693E+0001 0
30 -5,95233623798077E+0002  1,23666616586538E+0002 0
31 -5,54668719951923E+0002  1,23666616586538E+0002 0
32 -4,56636868990385E+0002  1,63668118990385E+0002 0
33 -4,97765174278846E+0002  1,63668118990385E+0002 0
34 -5,55232121394231E+0002  1,63104717548077E+0002 0
35 -5,95797025240385E+0002  1,63104717548077E+0002 0
36 -3,59168419471154E+0002  2,29022686298077E+0002 0
37 -3,98606520432692E+0002  2,29586087740385E+0002 0
38 -4,56636868990385E+0002  2,03669621394231E+0002 0
39 -4,97765174278846E+0002  2,03106219951923E+0002 0
40 -5,55232121394231E+0002  2,03669621394231E+0002 0
41 -5,95797025240385E+0002  2,03106219951923E+0002 0
42 -5,96923828125000E+0002  2,29586087740385E+0002 0
43 -5,55795522836539E+0002  2,29586087740385E+0002 0
44 -4,97201772836539E+0002  2,29586087740385E+0002 0
45 -4,56636868990385E+0002  2,29586087740385E+0002 0
46 -5,55232121394231E+0002  2,69587590144231E+0002 0
47 -5,95233623798077E+0002  2,69587590144231E+0002 0
48 -4,57200270432692E+0002  2,69587590144231E+0002 0
49 -4,97765174278846E+0002  2,69024188701923E+0002 0
50 -3,99169921875000E+0002  2,69587590144231E+0002 0
51 -3,59168419471154E+0002  2,70150991586539E+0002 0
52 -1,03384164663461E+0002  2,83672626201923E+0002 0
53 -1,43949068509615E+0002  2,83109224759615E+0002 0
54 -2,02542818509615E+0002  2,83672626201923E+0002 0
55 -2,42544320913462E+0002  2,83672626201923E+0002 0
56 -3,59168419471154E+0002  2,96630859375000E+0002 0
57 -3,98043118990385E+0002  2,97194260817308E+0002 0
58 -4,56636868990385E+0002  2,96630859375000E+0002 0
59 -4,96074969951923E+0002  2,96630859375000E+0002 0
60 -5,55795522836539E+0002  2,96067457932692E+0002 0
61 -5,95233623798077E+0002  2,96630859375000E+0002 0
62 -7,12421123798077E+0002  2,17191256009615E+0002 0
63 -7,12421123798077E+0002  2,43107722355769E+0002 0
64 -7,13547926682692E+0002  2,83109224759615E+0002 0
65 -1,03877140925480E+0002  3,50365271935096E+0002 0
66 -1,43315241887019E+0002  3,49661020132212E+0002 0
67 -2,02472393329327E+0002  3,49661020132212E+0002 0
68 -2,41910494290865E+0002  3,50365271935096E+0002 0
69 -3,59520545372596E+0002  3,36984487680289E+0002 0
70 -3,98958646334135E+0002  3,36984487680289E+0002 0
71 -3,98958646334135E+0002  3,63746056189904E+0002 0
72 -3,59520545372596E+0002  3,63041804387019E+0002 0
73 -4,58115797776442E+0002  3,36280235877404E+0002 0
74 -4,98258150540865E+0002  3,36280235877404E+0002 0
75 -4,98258150540865E+0002  3,63746056189904E+0002 0
76 -4,57411545973558E+0002  3,62337552584135E+0002 0
77 -5,56006798377404E+0002  3,37688739483173E+0002 0
78 -5,95444899338942E+0002  3,36280235877404E+0002 0
79 -5,96149151141827E+0002  3,63746056189904E+0002 0
80 -5,55302546574519E+0002  3,63746056189904E+0002 0
81 -7,13054950420673E+0002  3,50365271935096E+0002 0
82 -7,52493051382212E+0002  3,49661020132212E+0002 0
83 -8,11650202824519E+0002  3,49661020132212E+0002 0
84 -8,49679800180289E+0002  3,49661020132212E+0002 0
85 -8,51088303786058E+0002  3,10222919170673E+0002 0
86 -8,10945951021635E+0002  3,09518667367789E+0002 0
87 -8,10945951021635E+0002  2,84165602463942E+0002 0
88 -8,50384051983173E+0002  2,82757098858173E+0002 0
89 -8,50384051983173E+0002  2,17965932992788E+0002 0
90 -8,50384051983173E+0002  2,44023249699519E+0002 0
91 -8,10945951021635E+0002  2,42614746093750E+0002 0
92 -8,10945951021635E+0002  2,17261681189904E+0002 0
93 -7,51788799579327E+0002  2,17261681189904E+0002 0
94 -7,52493051382212E+0002  2,44023249699519E+0002 0
95 -7,12350698617789E+0002  3,09518667367789E+0002 0
96 -7,52493051382212E+0002  3,10222919170673E+0002 0
97 -7,53197303185096E+0002  2,84165602463942E+0002 0
98 -7,11734478290265E+0002  3,76334557166466E+0002 0
99 -7,52228956956130E+0002  3,75454242412861E+0002 0
100 -8,10329730694111E+0002  3,75454242412861E+0002 0
101 -8,50824209359976E+0002  3,75454242412861E+0002 0
102 -4,96348089453630E+0002  1,24491271775386E+0002 0
103 -1,04687511342991E+0002  3,09623140015753E+0002 0
104 -2,03063794698882E+0002  3,09623140015753E+0002 0
105 -2,41799456270264E+0002  3,09623140015753E+0002 0
106 -1,04687511342991E+0002  3,75412279510005E+0002 0
107 -1,44038024685348E+0002  3,76027131280979E+0002 0
108 -2,02448942927907E+0002  3,76027131280979E+0002 0
109 -2,42414308041238E+0002  3,76027131280979E+0002 0
110 -3,59236144526358E+0002  4,03695460974823E+0002 0
111 -3,99201509639688E+0002  4,03080609203849E+0002 0
112 -4,58227279653223E+0002  4,03080609203849E+0002 0
113 -4,97577792995579E+0002  4,03080609203849E+0002 0
114 -5,55988711238139E+0002  4,03080609203849E+0002 0
115 -5,95954076351469E+0002  4,02465757432875E+0002 0
116 -1,04687511342991E+0002  4,16376778751169E+0002 0
117 -1,43884311742604E+0002  4,16376778751169E+0002 0
118 -2,02295229985164E+0002  4,16376778751169E+0002 0
119 -2,41492030384776E+0002  4,15608214037451E+0002 0
120 -2,41492030384776E+0002  4,42507979017577E+0002 0
121 -2,02295229985164E+0002  4,42507979017577E+0002 0
122 -1,43884311742604E+0002  4,43276543731295E+0002 0
123 -1,03918946629273E+0002  4,42507979017577E+0002 0
124 -3,59082431583614E+0002  4,29442378884373E+0002 0
125 -3,99047796696945E+0002  4,30979508311809E+0002 0
126 -4,56690150225787E+0002  4,29442378884373E+0002 0
127 -4,97424080052835E+0002  4,29442378884373E+0002 0
128 -5,55066433581677E+0002  4,30210943598091E+0002 0
129 -5,95800363408726E+0002  4,30210943598091E+0002 0
130 -7,12622199893846E+0002  4,15608214037451E+0002 0
131 -7,51819000293458E+0002  4,16376778751169E+0002 0
132 -8,10998483249736E+0002  4,15608214037451E+0002 0
133 -8,50195283649348E+0002  4,15608214037451E+0002 0
134 -8,50195283649348E+0002  4,43276543731295E+0002 0
135 -8,10998483249736E+0002  4,44045108445013E+0002 0
136 -7,52587565007176E+0002  4,43276543731295E+0002 0
137 -7,12622199893846E+0002  4,42507979017577E+0002 0
138 -1,03672757976912E+0002  4,82086230371004E+0002 0
139 -1,42287132486780E+0002  4,82086230371004E+0002 0
140 -2,01638856270464E+0002  4,82086230371004E+0002 0
141 -2,41683392799216E+0002  4,82086230371004E+0002 0
142 -2,42398473808657E+0002  5,09974389739242E+0002 0
143 -2,02353937279906E+0002  5,09259308729800E+0002 0
144 -1,43717294505664E+0002  5,09974389739242E+0002 0
145 -1,03672757976912E+0002  5,09259308729800E+0002 0
146 -3,59671759357143E+0002  4,68499691191607E+0002 0
147 -3,99716295885894E+0002  4,69214772201049E+0002 0
148 -3,59671759357143E+0002  4,96387850559844E+0002 0
149 -3,99001214876452E+0002  4,97102931569286E+0002 0
150 -4,58352938660136E+0002  4,69214772201049E+0002 0
151 -4,57637857650694E+0002  4,95672769550402E+0002 0
152 -4,97682394179445E+0002  4,69929853210491E+0002 0
153 -4,97682394179445E+0002  4,96387850559844E+0002 0
154 -5,56319036953688E+0002  4,69929853210491E+0002 0
155 -5,55603955944246E+0002  4,95672769550402E+0002 0
156 -5,95648492472997E+0002  4,69929853210491E+0002 0
157 -5,95648492472997E+0002  4,96387850559844E+0002 0
158 -7,12921778021482E+0002  4,82086230371004E+0002 0
159 -7,52251233540791E+0002  4,82801311380446E+0002 0
160 -8,12318038333917E+0002  4,83516392389888E+0002 0
161 -8,50932412843785E+0002  4,82801311380446E+0002 0
162 -8,50932412843785E+0002  5,09974389739242E+0002 0
163 -8,11602957324475E+0002  5,09974389739242E+0002 0
164 -7,52966314550233E+0002  5,09974389739242E+0002 0
165 -7,12921778021482E+0002  5,09974389739242E+0002 0
166 -7,13636859030924E+0002  5,49303845258551E+0002 0
167 -7,52966314550233E+0002  5,50018926267993E+0002 0
168 -7,52966314550233E+0002  5,76476923617346E+0002 0
169 -7,12921778021482E+0002  5,75761842607904E+0002 0
170 -8,11602957324475E+0002  5,48588764249109E+0002 0
171 -8,50217331834343E+0002  5,48588764249109E+0002 0
172 -8,50217331834343E+0002  5,76476923617346E+0002 0
173 -8,10887876315034E+0002  5,76476923617346E+0002 0
174 -1,03672757976912E+0002  5,49303845258551E+0002 0
175 -1,03672757976912E+0002  5,75761842607904E+0002 0
176 -1,44432375515106E+0002  5,76476923617346E+0002 0
177 -1,43717294505664E+0002  5,50018926267993E+0002 0
178 -2,01638856270464E+0002  5,49303845258551E+0002 0
179 -2,42398473808657E+0002  5,49303845258551E+0002 0
180 -2,43113554818099E+0002  5,76476923617346E+0002 0
181 -2,03069018289348E+0002  5,75761842607904E+0002 0
182 -5,95648492472997E+0002  6,42264376486008E+0002 0
183 -5,94933411463555E+0002  6,55135834655964E+0002 0
184 -7,12921778021482E+0002  6,42264376486008E+0002 0
185 -7,52251233540791E+0002  6,42264376486008E+0002 0
186 -7,52966314550233E+0002  6,68722373835362E+0002 0
187 -7,12206697012040E+0002  6,69437454844804E+0002 0
188 -8,11602957324475E+0002  6,42264376486008E+0002 0
189 -8,10887876315034E+0002  6,68007292825920E+0002 0
190 -8,10887876315034E+0002  6,95180371184715E+0002 0
191 -8,10887876315034E+0002  7,21638368534068E+0002 0
192 -7,52966314550233E+0002  7,21638368534068E+0002 0
193 -7,13636859030924E+0002  7,21638368534068E+0002 0
194 -7,12206697012040E+0002  6,95895452194157E+0002 0
195 -7,52966314550233E+0002  6,95180371184715E+0002 0
196 -1,03672757976912E+0002  8,00297279572687E+0002 0
197 -1,03672757976912E+0002  8,28185438940924E+0002 0
198 -1,43717294505664E+0002  8,28185438940924E+0002 0
199 -1,43717294505664E+0002  8,02442522601013E+0002 0
200 -2,02353937279906E+0002  8,01012360582129E+0002 0
201 -2,41683392799216E+0002  8,01012360582129E+0002 0
202 -2,42398473808657E+0002  8,28185438940924E+0002 0
203 -2,02353937279906E+0002  8,28185438940924E+0002 0
204 -3,59671759357143E+0002  7,48096365883422E+0002 0
205 -3,99001214876452E+0002  7,48096365883422E+0002 0
206 -3,99001214876452E+0002  7,75269444242217E+0002 0
207 -3,58956678347701E+0002  7,74554363232775E+0002 0
208 -3,58956678347701E+0002  8,14598899761526E+0002 0
209 -3,99001214876452E+0002  8,15313980770968E+0002 0
210 -4,57637857650694E+0002  8,14598899761526E+0002 0
211 -4,96967313170003E+0002  8,14598899761526E+0002 0
212 -4,96967313170003E+0002  7,48096365883422E+0002 0
213 -4,58352938660136E+0002  7,48096365883422E+0002 0
214 -4,58352938660136E+0002  7,74554363232775E+0002 0
215 -4,96967313170003E+0002  7,75984525251659E+0002 0
216 -5,56319036953688E+0002  7,48096365883422E+0002 0
217 -5,94933411463555E+0002  7,48811446892864E+0002 0
218 -5,96363573482439E+0002  7,75269444242217E+0002 0
219 -5,55603955944246E+0002  7,74554363232775E+0002 0
220 -5,56319036953688E+0002  8,14598899761526E+0002 0
221 -5,94933411463555E+0002  8,15313980770968E+0002 0
222 -7,12921778021482E+0002  8,28185438940924E+0002 0
223 -7,52966314550233E+0002  8,28185438940924E+0002 0
224 -8,11602957324475E+0002  8,28900519950366E+0002 0
225 -8,50217331834343E+0002  8,28185438940924E+0002 0
226 -8,51647493853227E+0002  7,88855983421615E+0002 0
227 -8,10172795305592E+0002  7,88855983421615E+0002 0
228 -7,52966314550233E+0002  7,88140902412173E+0002 0
229 -7,12206697012040E+0002  7,88140902412173E+0002 0
230 -7,12921778021482E+0002  7,61682905062820E+0002 0
231 -7,52966314550233E+0002  7,60967824053378E+0002 0
232 -8,12318038333917E+0002  7,61682905062820E+0002 0
233 -8,51647493853226E+0002  7,61682905062820E+0002 0
234 -1,03485345852271E+0002  8,68331688978792E+0002 0
235 -1,44334071293616E+0002  8,67650876888103E+0002 0
236 -2,02203099002189E+0002  8,68331688978792E+0002 0
237 -2,41690200262156E+0002  8,68331688978792E+0002 0
238 -3,60151504042057E+0002  8,41099205351229E+0002 0
239 -3,98957793211336E+0002  8,41780017441918E+0002 0
240 -4,58188445101286E+0002  8,41099205351229E+0002 0
241 -4,96994734270564E+0002  8,41780017441918E+0002 0
242 -5,56225386160515E+0002  8,41099205351229E+0002 0
243 -5,95031675329793E+0002  8,41780017441918E+0002 0
244 -7,12131354928316E+0002  8,55396259255700E+0002 0
245 -7,52980080369662E+0002  8,54715447165011E+0002 0
246 -8,10168295987545E+0002  8,54034635074322E+0002 0
247 -8,51017021428890E+0002  8,54715447165011E+0002 0
248 -8,51017021428890E+0002  8,94883360515667E+0002 0
249 -8,50336209338201E+0002  9,21435032052541E+0002 0
250 -8,10849108078234E+0002  9,21435032052541E+0002 0
251 -8,10849108078234E+0002  8,94883360515667E+0002 0
252 -7,52299268278972E+0002  9,21435032052541E+0002 0
253 -7,51618456188283E+0002  8,94202548424978E+0002 0
254 -7,12812167019005E+0002  8,94202548424978E+0002 0
255 -7,11450542837627E+0002  9,22115844143230E+0002 0
256 -5,96393299511171E+0002  9,22115844143230E+0002 0
257 -5,95031675329793E+0002  8,81947930792574E+0002 0
258 -5,56225386160515E+0002  8,81267118701885E+0002 0
259 -5,55544574069826E+0002  9,21435032052541E+0002 0
260 -4,97675546361253E+0002  8,81267118701885E+0002 0
261 -4,57507633010597E+0002  8,80586306611196E+0002 0
262 -4,57507633010597E+0002  9,20754219961852E+0002 0
263 -4,97675546361253E+0002  9,21435032052541E+0002 0
264 -3,98957793211336E+0002  9,21435032052541E+0002 0
265 -3,98957793211336E+0002  8,81267118701885E+0002 0
266 -3,59470691951368E+0002  8,81267118701885E+0002 0
267 -3,59470691951368E+0002  9,21435032052541E+0002 0
268 -2,42371012352845E+0002  8,94883360515667E+0002 0
269 -2,02883911092878E+0002  8,94883360515667E+0002 0
270 -1,43653259202927E+0002  8,95564172606356E+0002 0
271 -1,04166157942960E+0002  8,94883360515667E+0002 0
272 -1,03485345852271E+0002  9,21435032052541E+0002 0
273 -1,44334071293617E+0002  9,22115844143230E+0002 0
274 -2,02203099002189E+0002  9,20754219961852E+0002 0
275 -2,43051824443534E+0002  9,21435032052541E+0002 0
276 -1,03485345852271E+0002  9,60241321221819E+0002 0
277 -1,44334071293617E+0002  9,60241321221819E+0002 0
278 -1,04166157942960E+0002  9,88154616940072E+0002 0
279 -1,43653259202927E+0002  9,88154616940072E+0002 0
280 -2,02203099002189E+0002  9,60922133312508E+0002 0
281 -2,43051824443534E+0002  9,61602945403198E+0002 0
282 -2,42371012352845E+0002  9,87473804849383E+0002 0
283 -2,02203099002189E+0002  9,87473804849383E+0002 0
284 -3,60151504042058E+0002  9,61602945403198E+0002 0
285 -3,98957793211336E+0002  9,60922133312508E+0002 0
286 -3,59470691951368E+0002  9,87473804849383E+0002 0
287 -3,98957793211336E+0002  9,88154616940072E+0002 0
288 -4,57507633010597E+0002  9,60922133312508E+0002 0
289 -4,57507633010597E+0002  9,87473804849383E+0002 0
290 -4,97675546361253E+0002  9,62283757493887E+0002 0
291 -4,97675546361253E+0002  9,88154616940072E+0002 0
292 -5,55544574069826E+0002  9,60922133312508E+0002 0
293 -5,55544574069826E+0002  9,87473804849383E+0002 0
294 -5,95712487420482E+0002  9,61602945403198E+0002 0
295 -5,95712487420482E+0002  9,87473804849383E+0002 0
296 -7,12812167019005E+0002  9,62283757493887E+0002 0
297 -7,12131354928316E+0002  9,86792992758694E+0002 0
298 -7,52299268278972E+0002  9,87473804849383E+0002 0
299 -7,52299268278972E+0002  9,62283757493887E+0002 0
300 -8,11529920168923E+0002  9,61602945403198E+0002 0
301 -8,50336209338201E+0002  9,61602945403198E+0002 0
302 -8,51017021428890E+0002  9,87473804849383E+0002 0
303 -8,10849108078234E+0002  9,88154616940072E+0002 0
304 -1,04846970033649E+0002  1,02832253029073E+0003 0
305 -1,43653259202927E+0002  1,02696090610935E+0003 0
306 -2,02203099002189E+0002  1,02764171820004E+0003 0
307 -2,41690200262156E+0002  1,02832253029073E+0003 0
308 -2,42371012352845E+0002  1,05419338973691E+0003 0
309 -2,02203099002189E+0002  1,05419338973691E+0003 0
310 -3,59470691951368E+0002  1,02764171820004E+0003 0
311 -3,98276981120646E+0002  1,02764171820004E+0003 0
312 -4,57507633010597E+0002  1,02764171820004E+0003 0
313 -4,96994734270564E+0002  1,02764171820004E+0003 0
314 -5,55544574069826E+0002  1,02764171820004E+0003 0
315 -5,95031675329793E+0002  1,02696090610935E+0003 0
316 -5,54863761979137E+0002  1,05419338973691E+0003 0
317 -5,95031675329793E+0002  1,05351257764622E+0003 0
318 -3,58789879860679E+0002  1,05419338973691E+0003 0
319 -3,98957793211336E+0002  1,05419338973691E+0003 0
320 -4,57507633010597E+0002  1,05419338973691E+0003 0
321 -4,97675546361253E+0002  1,05487420182760E+0003 0
322 -7,12131354928316E+0002  1,02764171820004E+0003 0
323 -7,12812167019005E+0002  1,05351257764622E+0003 0
324 -7,51618456188283E+0002  1,02764171820004E+0003 0
325 -7,52299268278972E+0002  1,05419338973691E+0003 0
326 -8,10849108078234E+0002  1,02764171820004E+0003 0
327 -8,10849108078234E+0002  1,05351257764622E+0003 0
328 -8,51017021428890E+0002  1,02832253029073E+0003 0
329 -8,51017021428890E+0002  1,05351257764622E+0003 0
330 -8,50336209338201E+0002  1,09436130308757E+0003 0
331 -8,51017021428890E+0002  1,12091297462444E+0003 0
332 -8,10168295987545E+0002  1,12091297462444E+0003 0
333 -8,09487483896856E+0002  1,09368049099688E+0003 0
334 -3,59470691951368E+0002  1,09368049099688E+0003 0
335 -3,98276981120646E+0002  1,09436130308757E+0003 0
336 -3,98957793211336E+0002  1,12091297462444E+0003 0
337 -3,59470691951368E+0002  1,12091297462444E+0003 0
338 -3,00920852152107E+0002  1,12091297462444E+0003 0
339 -3,00240040061418E+0002  1,09436130308757E+0003 0
340 -2,41690200262156E+0002  1,09368049099688E+0003 0
341 -2,02883911092878E+0002  1,09436130308757E+0003 0
342 -2,02883911092878E+0002  1,12023216253376E+0003 0
343 -2,41690200262156E+0002  1,12159378671513E+0003 0
344 -1,42972447112238E+0002  1,12091297462444E+0003 0
345 -1,43653259202927E+0002  1,09436130308757E+0003 0
346 -1,02804533761582E+0002  1,09368049099688E+0003 0
347 -1,04166157942960E+0002  1,12091297462444E+0003 0
348 -1,03485345852271E+0002  1,05351257764622E+0003 0
349 -1,44334071293617E+0002  1,05487420182760E+0003 0
350 -1,43949068509615E+0002  3,10109224759615E+0002 1