x [*,*]
:       1          2        :=
1    219.6       24.4
2    273.132     43.2332
3    263.067     24.9333
4     67.6544    37.1324
5    336.202     55.4403
6    342.266    114.533
7    244.933     51.8667
8    702.799    574.622
9    263.752    101.8
10   290.019     78.7125
11   796.089    616.035
12   919.489     32.5174
13   637.973    578.542
14   559.193     45.9098
15   601.292     98.1885
16   714.444    103.944
17   673.192     36.979
18   735.686    583.428
19   186.501     95.0739
20   141.645     48.065
21   711.244    618.918
22    70.952     94.6262
23   649.951    620.294
24   910.46     101.978
25   802.974     94.4712
26   191.761     24.2347
;

