#raw
42.3651475172776  53.3690819373498 0
102.886786827674  90.7824589655949 0
132.597409761869  91.8828524076022 0
175.512754000150  81.9793114295372 0
208.524557260367  85.2804917555589 0
241.536360520583  83.0797048715445 0
59.9714425893930  128.195835993840 0
89.6820655235877  127.095442551832 0
59.9714425893930  159.006852370042 0
88.5816720815805  160.107245812049 0
41.2647540752704  208.524557260367 0
130.396622877855  208.524557260367 0
132.597409761869  184.315901536208 0
131.497016319862  153.504885160006 0
161.207639254056  155.705672044020 0
163.408426138071  187.617081862230 0
164.508819580078  206.323770376352 0
222.829672006460  206.323770376352 0
221.729278564453  185.416294978215 0
221.729278564453  152.404491717999 0
258.042262150691  152.404491717999 0
256.941868708684  184.315901536208 0
255.841475266677  207.424163818359 0
315.262721135066  194.219442514273 0
317.463508019081  159.006852370042 0
490.225278414213  146.902524507963 0
523.237081674429  148.002917949970 0
489.124884972205  183.215508094201 0
523.237081674429  182.115114652193 0
554.048098050631  205.223376934345 0
548.546130840595  175.512754000150 0
560.650458702674  140.300163855919 0
560.650458702674  117.191901573768 0
594.762655404898  113.890721247746 0
594.762655404898  136.998983529898 0

659.685868483323  160.107245812049 0
658.585475041316  133.697803203876 0
623.372884897085  132.597409761869 0
621.172098013071  95.1840327336238 0
659.685868483323  92.9832458496094 0
763.122852032001  129.296229435847 0
799.435835618239  130.396622877855 0
799.435835618239  170.010786790114 0
762.022458589994  168.910393348107 0
776.327573336088  203.022590050331 0
874.262589674729  204.122983492338 0
894.069671630859  203.022590050331 0
877.563770000751  164.508819580078 0
843.451573298527  164.508819580078 0
844.551966740535  124.894655667818 0
877.563770000751  124.894655667818 0
845.652360182542  85.2804917555589 0
879.764556884766  48.9675081693209 0
845.652360182542  48.9675081693209 0
50.0679016113281  274.548163780799 0
80.8789179875300  277.849344106821 0
47.8671147273137  313.061934251052 0
84.1800983135517  311.961540809044 0
48.9675081693209  352.676098163311 0
84.1800983135517  352.676098163311 0
86.3808851975661  390.089475191556 0
51.1682950533353  386.788294865535 0
59.9714425893930  444.008753849910 0
94.0836392916166  442.908360407903 0
134.798196645883  275.648557222806 0
167.809999906100  276.748950664814 0
231.632819542518  278.949737548828 0
133.697803203876  319.664294903095 0
168.910393348107  320.764688345102 0
194.219442514273  319.664294903095 0
134.798196645883  358.178065373347 0
171.111180232121  361.479245699369 0
195.319835956280  362.579639141376 0
252.540294940655  321.865081787109 0
249.239114614633  362.579639141376 0
277.849344106821  321.865081787109 0
277.849344106821  361.479245699369 0
314.162327693059  321.865081787109 0
313.061934251052  359.278458815354 0
172.211573674129  409.896557147686 0
208.524557260367  412.097344031701 0
237.134786752554  409.896557147686 0
278.949737548828  410.996950589693 0
310.861147367037  406.595376821665 0
311.961540809044  435.205606313852 0



556.248884934645  395.591442401592 0
556.248884934645  370.282393235427 0
558.449671818660  332.869016207181 0
557.349278376653  305.359180157001 0
593.662261962891  303.158393272987 0
593.662261962891  328.467442439153 0
591.461475078876  369.181999793419 0
592.561868520883  391.189868633564 0
670.689802903395  282.250917874850 0
622.272491455078  320.764688345102 0
621.172098013071  361.479245699369 0
670.689802903395  330.668229323167 0
669.589409461388  365.880819467398 0

622.272491455078  434.105212871845 0
668.489016019381  403.294196495643 0
697.099245511568  283.351311316857 0
729.010655329777  284.451704758864 0
769.725212684044  273.447770338792 0
806.038196270282  278.949737548828 0
895.170065072866  289.953671968900 0
892.969278188852  327.367048997145 0
687.195704533504  342.772557185246 0
722.408294677734  340.571770301232 0
687.195704533504  377.985147329477 0
720.207507793720  379.085540771484 0
735.613015981821  343.872950627254 0
768.624819242037  341.672163743239 0
770.825606126052  379.085540771484 0
734.512622539814  376.884753887470 0
812.640556922326  342.772557185246 0
812.640556922326  382.386721097506 0
835.748819204477  343.872950627254 0
874.262589674729  343.872950627254 0
873.162196232722  380.185934213492 0
840.150392972506  380.185934213492 0
847.853147066556  406.595376821665 0
850.053933950571  448.410327617939 0

250.463942400636  1451.56318945202 0
307.942601298797  1450.47868645394 0
249.379439402557  1504.70383635787 0
305.773595302640  1504.70383635787 0
249.379439402557  1548.08395628101 0
304.689092304562  1546.99945328293 0
247.210433406400  1602.30910618493 0
304.689092304562  1600.14010018878 0
362.167751202723  1453.73219544818 0
361.083248204645  1510.12635134826 0
418.561907102806  1451.56318945202 0
418.561907102806  1506.87284235402 0
418.561907102806  1545.91495028485 0
362.167751202723  1548.08395628101 0

418.561907102806  1602.30910618493 0

474.956063002889  1553.50647127140 0
522.674194918344  1553.50647127140 0
553.040278864543  1552.42196827332 0
478.209571997125  1613.15413616572 0
527.012206910658  1613.15413616572 0
553.040278864543  1613.15413616572 0
249.379439402557  1695.57636401969 0
307.942601298797  1694.49186102161 0
249.379439402557  1753.05502291784 0
309.027104296876  1753.05502291784 0
251.548445398714  1792.09713084867 0
309.027104296876  1789.92812485252 0
251.548445398714  1850.66029274491 0
312.280613291111  1847.40678375068 0
358.914242208488  1849.57578974683 0
357.829739210409  1792.09713084867 0
359.998745206566  1751.97051991976 0
357.829739210409  1696.66086701776 0
418.561907102806  1693.40735802353 0
416.392901106649  1751.97051991976 0
416.392901106649  1789.92812485252 0
417.477404104728  1848.49128674876 0
476.040566000968  1853.91380173915 0
477.125068999046  1795.35063984291 0
527.012206910658  1794.26613684483 0
525.927703912580  1853.91380173915 0

527.012206910658  1746.54800492938 0
470.618051010575  1747.63250792745 0
472.787057006732  1686.90034003506 0
528.096709908737  1684.73133403890 0
551.955775866464  1685.81583703698 0