#raw
2107.912200 1039.763500 0 
1901.411800 1039.297800 0 
2039.622300 1037.967600 0 
2070.772100 1138.537800 0 
1999.487100 1138.537800 0 
1809.550900 1205.831200 0 
1809.550900 1131.097100 0 
1820.739000 1039.886200 0 
1886.101600 1205.831200 0 
1886.101600 1131.097100 0 
2070.173000 1210.972200 0 
1377.342100 2638.622700 0 
1570.096500 1033.732800 0 
1254.810300 2716.174100 0 
1148.616100 2812.092900 0 
1148.616100 2714.133300 0 
2003.680300 1313.338200 0 
1999.487100 1215.761300 0 
2004.878400 1389.364500 0 
1798.049700 570.665200 0 
2077.361400 1385.174000 0 
1548.285700 1207.734200 0 
735.747800 1152.274200 0 
734.846900 1075.744100 0 
1144.492300 1281.928200 0 
1153.350300 1166.851800 0 
1151.874000 1094.560300 0 
554.655200 1313.437600 0 
473.568900 1317.039000 0 
590.693500 1155.875600 0 
587.990600 1034.327800 0 
587.990600 1086.548300 0 
1227.166700 1166.851800 0 
1548.870500 1145.199600 0
1308.506100 1037.078900 0 
1471.088400 1207.734200 0 
1545.361600 1283.126500 0 
1471.088400 1283.126500 0 
1313.769600 1178.512400 0 
1225.690400 1096.035600 0 
1312.599900 1249.813600 0 
1402.663500 1185.525700 0 
1403.248300 1253.320200 0 
1254.810300 2816.174600 0 
1655.080800 2810.052100 0 
1869.511400 2954.950800 0 
1481.494100 2814.133800 0 
1377.342100 2712.092400 0 
1375.299900 2814.133800 0 
1763.317200 3059.033000 0 
1767.401600 2952.910000 0 
1865.427000 3063.114600 0 
1969.579000 2954.950800 0 
1963.452400 3063.114600 0 
1481.494100 2716.174100 0 
1353.467200 3068.384700 0 
1755.148400 2716.174100 0 
1468.516200 3068.384700 0 
1464.332600 2957.593700 0 
1359.742600 2957.593700 0 
1638.743200 2640.663500 0 
1485.578500 2640.663500 0 
1640.785400 2710.051600 0 
1755.148400 2638.622700 0 
1753.106200 2810.052100 0 
1675.502700 2956.991600 0 
1160.869300 3189.645900 0 
1265.021300 3191.686700 0 
1265.021300 3303.932200 0 
1461.072100 3305.973000 0 
1358.962300 3305.973000 0 
1162.911400 3073.318800 0 
1166.995800 2956.991600 0 
1260.936900 3069.237100 0 
1164.953700 3305.973000 0 
1260.936900 2959.032500 0 
1358.962300 3189.645900 0 
1861.342600 3316.177100 0 
1867.469200 3203.931700 0 
1965.494600 3314.136300 0 
1671.418300 3061.073800 0 
1969.579000 3205.972500 0 
1671.418300 3308.013800 0 
1459.029900 3193.727500 0 
1671.418300 3203.931700 0 
1767.401600 3203.931700 0 
1769.443800 3314.136300 0 
510.508200 1160.377400 0 
721.514300 700.188000 0 
726.987100 519.707600 0 
721.514300 774.567900 0 
893.359500 741.753200 0 
797.038600 572.211000 0 
649.273700 773.474000 0 
570.465700 700.188000 0 
451.159200 775.661700 0 
726.987100 600.650300 0 
451.159200 702.375700 0 
893.359500 868.636500 0 
1396.854800 680.499200 0 
1396.854800 757.066700 0 
1396.854800 617.057600 0 
1465.811800 617.057600 0 
1465.811800 536.114900 0 
1301.628500 680.499200 0 
1301.628500 611.588500 0 
1304.912200 751.597600 0 
1396.854800 824.883600 0 
1303.817600 820.508300 0 
650.368200 700.188000 0 
100.859200 808.466900 0 
168.489400 702.729400 0 
164.126100 808.466900 0 
101.950000 879.322000 0 
164.126100 879.322000 0 
188.123900 518.506400 0 
128.129400 518.506400 0 
101.950000 643.865200 0 
101.950000 702.729400 0 
168.489400 643.865200 0 
395.336900 592.993600 0 
385.485900 876.293200 0 
295.732400 881.762300 0 
570.465700 772.380200 0 
636.139000 592.993600 0 
554.047400 592.993600 0 
303.394300 702.375700 0 
462.104700 592.993600 0 
373.445800 702.375700 0 
373.445800 775.661700 0 
303.394300 775.661700 0 
1465.811800 699.094200 0 
122.195000 1146.872100 0 
120.393100 1219.800800 0 
187.965000 1220.701100 0 
72.642300 1036.128500 0 
186.163100 1145.971700 0 
1882.432500 885.619500 0 
1984.007800 583.753100 0 
2025.486500 879.829900 0 
77.147100 1380.964200 0 
2095.899400 879.829900 0 
281.664700 1036.128500 0 
361.850000 1090.149700 0 
363.651900 1158.576700 0 
365.453800 1036.128500 0 
509.607200 1085.648000 0 
510.508200 1033.427400 0 
280.763700 1157.676300 0 
280.763700 1088.349000 0 
221.300500 1312.537300 0 
393.383600 1317.939400 0 
302.386700 1314.338000 0 
1984.007800 511.120900 0 
1620.144000 737.377900 0 
1621.238600 662.998100 0 
1642.035200 864.261200 0 
1694.573800 738.471800 0 
1721.937700 862.073500 0 
1573.078200 869.730300 0 
1468.000900 784.412200 0 
1576.361800 757.066700 0 
1575.267300 601.744100 0 
1575.267300 684.874500 0 
1693.479200 660.810500 0 
1985.419100 731.132900 0 
1916.972000 728.312300 0 
1985.419100 654.269800 0 
2063.745100 731.132900 0 
2063.745100 654.269800 0 
1731.788700 731.908800 0 
1733.977800 660.810500 0 
1811.126000 731.838100 0 
1915.560700 653.564600 0 
1811.831600 661.321400 0 
